[detector-CE40]
method = earth_normal
latitude = 0.8028514559173915
longitude = -2.1816615649929116
yangle = 1.7453292519943295
xlength=40000
ylength=40000

[detector-CE20]
method = earth_normal
latitude = 0.5061454830783556
longitude = -1.6406094968746698
yangle = 2.792526803190927
xlength=20000
ylength=20000

[detector-CE40_lf]
method = earth_normal
latitude = 0.8028514559173915
longitude = -2.1816615649929116
yangle = 1.7453292519943295
xlength=40000
ylength=40000

[detector-CE20_pm]
method = earth_normal
latitude = 0.5061454830783556
longitude = -1.6406094968746698
yangle = 2.792526803190927
xlength=20000
ylength=20000
